0100001010001010001011111001100011010111001010001010111000100010
0111000100110111010001001001000100100011111011110110010111001101
1011010111000000111110111100111111101100010011010011101100101111
1110100110110101110110111010010110000001100010011101101110111100
0011100101010110110000100101101111110011010010001011010100111000
0101100111110001000100011111000110110110000001011101000000011001
1001001000111111100000101010010010101111000110010100111110011011
1010101100011100010111101101010111011010011011011000000100011000
1101100000000111101010101001100010100011000000110000001001000010
0001001010000011010110110000000101000101011100000110111110111110
0010010000110001100001011011111001001110111001001011001010001100
0101010100001100011111011100001111010101111111111011010011100010
0111001010111110010111010111010011110010011110111000100101101111
1000000011011110101100011111111000111011000101101001011010110001
1001101111011100000001101010011100100101110001110001001000110101
1100000110011011111100010111010011001111011010010010011010010100
1110010010011011011010011100000110011110111100010100101011010010
1110111110111110010001111000011000111000010011110010010111100011
0000111111000001100111011100011010001011100011001101010110110101
0010010000001100101000011100110001110111101011001001110001100101
0010110111101001001011000110111101011001001010110000001001110101
0100101001110100100001001010101001101110101001101110010010000011
0101110010110000101010011101110010111101010000011111101111010100
0111011011111001100010001101101010000011000100010101001110110101
1001100000111110010100010101001011101110011001101101111110101011
1010100000110001110001100110110100101101101101000011001000010000
1011000000000011001001111100100010011000111110110010000100111111
1011111101011001011111111100011110111110111011110000111011100100
1100011011100000000010111111001100111101101010001000111111000010
1101010110100111100100010100011110010011000010101010011100100101
0000011011001010011000110101000111100000000000111000001001101111
0001010000101001001010010110011100001010000011100110111001110000
0010011110110111000010101000010101000110110100100010111111111100
0010111000011011001000010011100001011100001001101100100100100110
0100110100101100011011011111110001011010110001000010101011101101
0101001100111000000011010001001110011101100101011011001111011111
0110010100001010011100110101010010001011101011110110001111011110
0111011001101010000010101011101100111100011101111011001010101000
1000000111000010110010010010111001000111111011011010111011100110
1001001001110010001011001000010100010100100000100011010100111011
1010001010111111111010001010000101001100111100010000001101100100
1010100000011010011001100100101110111100010000100011000000000001
1100001001001011100010110111000011010000111110001001011110010001
1100011101101100010100011010001100000110010101001011111000110000
1101000110010010111010000001100111010110111011110101001000011000
1101011010011001000001100010010001010101011001011010100100010000
1111010000001110001101011000010101010111011100010010000000101010
0001000001101010101000000111000000110010101110111101000110111000
0001100110100100110000010001011010111000110100101101000011001000
0001111000110111011011000000100001010001010000011010101101010011
0010011101001000011101110100110011011111100011101110101110011001
0011010010110000101111001011010111100001100110110100100010101000
0011100100011100000011001011001111000101110010010101101001100011
0100111011011000101010100100101011100011010000011000101011001011
0101101110011100110010100100111101110111011000111110001101110011
0110100000101110011011111111001111010110101100101011100010100011
0111010010001111100000101110111001011101111011111011001011111100
0111100010100101011000110110111101000011000101110010111101100000
1000010011001000011110000001010010100001111100001010101101110010
1000110011000111000000100000100000011010011001000011100111101100
1001000010111110111111111111101000100011011000110001111000101000
1010010001010000011011001110101111011110100000101011110111101001
1011111011111001101000111111011110110010110001100111100100010101
1100011001110001011110001111001011100011011100100101001100101011