00100100001111110110101010001000
10000101101000110000100011010011
00010011000110011000101000101110
00000011011100000111001101000100
10100100000010010011100000100010
00101001100111110011000111010000
00001000001011101111101010011000
11101100010011100110110010001001
01000101001010000010000111100110
00111000110100000001001101110111
10111110010101000110011011001111
00110100111010010000110001101100
11000000101011000010100110110111
11001001011111000101000011011101
00111111100001001101010110110101
10110101010001110000100100010111